%YAML:1.0
---
calibration_time: "mié 24 mar 2021 11:34:05"
nr_of_frames: 27
image_width: 3008
image_height: 3000
board_width: 8
board_height: 6
square_size: 25.
fix_aspect_ratio: 1.
# flags: +fix_skew +fix_k4 +recompute_extrinsic
flags: 650
fisheye_model: 1
camera_matrix: !!opencv-matrix
   rows: 3
   cols: 3
   dt: d
   data: [ 6.7660057548370412e+02, 0., 1.5035000000000000e+03, 0.,
       6.7632050784968988e+02, 1.4995000000000000e+03, 0., 0., 1. ]
distortion_coefficients: !!opencv-matrix
   rows: 4
   cols: 1
   dt: d
   data: [ 1.6400596172437218e-01, -2.7953683744925250e-02,
       9.1133703436514953e-04, 0. ]
avg_reprojection_error: 2.6802174810988468e+00
per_view_reprojection_errors: !!opencv-matrix
   rows: 27
   cols: 1
   dt: f
   data: [ 2.03423810e+00, 2.28172302e+00, 1.72758317e+00,
       2.78217530e+00, 2.43850470e+00, 1.77652478e+00, 6.19104815e+00,
       1.52561784e+00, 2.24872184e+00, 1.88704324e+00, 3.02190113e+00,
       2.19315052e+00, 1.88980401e+00, 3.88439965e+00, 2.89738417e+00,
       2.42798662e+00, 1.96333945e+00, 1.86724019e+00, 3.40956616e+00,
       2.65977645e+00, 2.20986557e+00, 3.50684190e+00, 1.95758808e+00,
       1.91161823e+00, 2.95583940e+00, 1.48570287e+00, 2.63923216e+00 ]
# a set of 6-tuples (rotation vector + translation vector) for each view
extrinsic_parameters: !!opencv-matrix
   rows: 27
   cols: 6
   dt: d
   data: [ -6.8874915861987573e-02, -9.5767132743920208e-02,
       -2.5202835439189927e-02, -9.5334385801254371e+01,
       -3.4102350691945631e+01, 1.0247009949040751e+02,
       -5.0200194321656011e-01, 2.5027214231229039e-01,
       -9.2308405811815730e-01, -6.4141558471256602e+01,
       1.4716149761586541e+02, 1.0054476114837416e+02,
       1.0463059637415395e-01, -6.2310665153221345e-01,
       1.9787642250220996e-01, -1.7801752841386860e+02,
       -5.1704713478056675e+01, 1.4778331170812804e+01,
       -6.1329398264963320e-01, -6.3590821997838398e-01,
       1.1680817877429437e+00, -8.3844030311650371e+01,
       -1.9240569616979776e+01, 9.9955553048403914e+01,
       -2.4901007232249350e-01, -4.9642486799421692e-01,
       9.2435203857580117e-01, -1.0816720956700065e+02,
       -3.4926216687345438e+01, 5.6102209005193750e+01,
       1.6608800408169230e-01, -7.6027456386242909e-01,
       1.8663686210162142e-01, -1.4641785372289885e+02,
       -5.8555435610330910e+01, 1.2705501913386675e+01,
       2.3036603133815181e-01, 5.5732334083769697e-01,
       -6.8617763539402687e-01, -1.1907350995584592e+01,
       6.8412508973392097e+00, 1.0145302628649274e+02,
       -6.6833394750783526e-01, -6.9359675252047037e-01,
       1.4573899205480547e+00, -1.2729628158292682e+02,
       -1.4301850716107617e+02, 1.1287140578110937e+02,
       1.0995604991207175e-01, -1.4297517903285795e-01,
       1.4857772596054172e-01, -9.4570312124582813e+01,
       -3.1675937091482805e+01, 8.3056777729495337e+01,
       8.5385964173389628e-01, 4.5436209049236859e-01,
       5.4779078711357787e-01, 9.0523562046272787e+01,
       -1.6420230360165982e+02, 4.3816780005880887e+01,
       -4.2708135963159477e-02, 8.8726838879462855e-01,
       -6.8343337209489069e-02, 8.0438002957370728e+01,
       2.6484586289847382e+01, 1.4638521089401317e+02,
       -7.0243501234652517e-01, 4.6116289494014068e-01,
       -1.0152733641119567e+00, -9.2503052375644437e+00,
       1.6183514259306745e+02, 1.0513713598112214e+02,
       -6.6440576877574709e-01, 8.2467981845248017e-01,
       -7.6877112696373340e-01, 3.9132982665898268e+01,
       1.9648421251606985e+02, 1.8746558623218198e+02,
       9.8883094216140066e-01, -1.9302578841516646e-01,
       -1.6812321619669435e-01, -1.0933314077811640e+02,
       -7.4009448280555432e+01, 1.8568267415753180e+01,
       8.8397676108062739e-01, -7.1568337069266919e-01,
       -7.9014259169774792e-01, -2.2465964915924792e+02,
       5.5865169751365151e+01, 1.1512271001507527e+01,
       7.5816081006391789e-01, -1.2780573209763169e-01,
       -4.9020497052165657e-02, -9.2634252429457078e+01,
       -9.8867804249503862e+01, 3.7485492102628704e+01,
       3.4966660095057589e-01, -9.1647342642621921e-01,
       6.5138487485002150e-01, -9.8302081007791188e+01,
       -1.1817551243448179e+02, 1.4194499214125397e+01,
       -1.3755058241788842e-01, 1.4030007533899039e-01,
       7.9069326156576480e-01, -1.1336977841682007e+01,
       -1.1459193770470016e+02, 1.3010289895857179e+02,
       9.6287317754702439e-01, -7.4768952793098387e-01,
       -7.7863844317509845e-01, -1.4428290232054164e+02,
       2.0832579769998961e+01, 9.9151192230558696e+00,
       1.1785734144672200e+00, -2.2892136664507406e-01,
       -1.5603913069641837e-01, -9.8942912891234158e+01,
       -1.2202684196914912e+02, 2.2788858092161878e+01,
       -3.8291452016395083e-01, -2.9858278850508777e-02,
       3.6499222881566533e-02, -9.5309613186212403e+01,
       5.8519973993350902e+01, 9.7402214344884783e+01,
       1.0720547763716548e+00, -1.2938704697488612e-01,
       -3.3799954231848721e-02, -5.1588645090876049e+01,
       -1.4163418149476735e+02, 7.0236957974810919e+00,
       5.0561580569093090e-01, -1.9018514684372551e-01,
       -9.0262126488606598e-01, -6.8704910612619472e+01,
       7.2957571928437261e+01, 1.1798023353499903e+02,
       9.2277602133225001e-01, 3.3747623263703858e-01,
       2.2685825114289393e-01, 1.1840621038749201e+02,
       -1.4274781920406051e+02, 5.7158377058761282e+01,
       1.1192285383187477e+00, 1.3161104267877899e-01,
       1.1555179934684594e-01, -8.0233281340731466e+01,
       -2.0028612759207422e+02, 2.0768898166881925e+01,
       -8.4719834266431060e-01, 5.0558199034246920e-01,
       -2.4509178548173371e-01, 1.8661407919609314e+01,
       1.4991279504844428e+02, 1.5856410810143100e+02,
       -4.3605878413176519e-01, 4.2013671567491623e-01,
       -1.0999418029954691e+00, -1.2041185249052713e+00,
       1.4843627239649143e+02, 9.2051680242382389e+01 ]
