%YAML:1.0
---
calibration_time: "vie 26 mar 2021 13:44:41"
nr_of_frames: 26
image_width: 3008
image_height: 3000
board_width: 8
board_height: 6
square_size: 25.
fix_aspect_ratio: 1.
# flags: +fix_skew +fix_k4 +recompute_extrinsic
flags: 650
fisheye_model: 1
camera_matrix: !!opencv-matrix
   rows: 3
   cols: 3
   dt: d
   data: [ 6.7644890949919898e+02, 0., 1.5035000000000000e+03, 0.,
       6.7637945162757137e+02, 1.4995000000000000e+03, 0., 0., 1. ]
distortion_coefficients: !!opencv-matrix
   rows: 4
   cols: 1
   dt: d
   data: [ 1.6299428894731272e-01, -2.7281358659074509e-02,
       7.4597508616811080e-04, 0. ]
avg_reprojection_error: 2.6086329992595605e+00
per_view_reprojection_errors: !!opencv-matrix
   rows: 26
   cols: 1
   dt: f
   data: [ 1.99198902e+00, 2.24809718e+00, 1.74897134e+00,
       2.20443177e+00, 1.90775979e+00, 1.79505599e+00, 4.70918131e+00,
       1.89808345e+00, 3.85747623e+00, 2.92633486e+00, 3.06165290e+00,
       2.21399665e+00, 1.87056565e+00, 3.50930691e+00, 2.41652679e+00,
       2.03439879e+00, 3.52556634e+00, 1.93213117e+00, 2.64212441e+00,
       2.18838906e+00, 1.48685908e+00, 2.58674693e+00, 1.92366803e+00,
       3.00081062e+00, 2.85221958e+00, 2.48214006e+00 ]
# a set of 6-tuples (rotation vector + translation vector) for each view
extrinsic_parameters: !!opencv-matrix
   rows: 26
   cols: 6
   dt: d
   data: [ -6.9086255262729671e-02, -9.5800409673841069e-02,
       -2.5167228199093245e-02, -9.5330930556124642e+01,
       -3.4114347866995054e+01, 1.0242084982120852e+02,
       -5.0240395046827768e-01, 2.5050413173705699e-01,
       -9.2314584001973654e-01, -6.4127377202901229e+01,
       1.4715408679540795e+02, 1.0048160886237859e+02,
       1.0487513544288342e-01, -6.2425576776664338e-01,
       1.9814045446406958e-01, -1.7791651589924822e+02,
       -5.1708224702561417e+01, 1.4587181715483355e+01,
       1.0992726506872186e-01, -1.4306731305250980e-01,
       1.4856869856784446e-01, -9.4566272319621405e+01,
       -3.1683103816629604e+01, 8.2989823528869181e+01,
       8.5483983767313698e-01, 4.5497786014038677e-01,
       5.4740336240238763e-01, 9.0471800948307248e+01,
       -1.6413763831141515e+02, 4.3671924710884802e+01,
       1.6643992743030142e-01, -7.6094162990617120e-01,
       1.8685537454307177e-01, -1.4633902541522829e+02,
       -5.8547403022612713e+01, 1.2554774166096417e+01,
       2.2901378674929468e-01, 5.5788824913544288e-01,
       -6.8586463104385997e-01, -1.2062201673368799e+01,
       6.7108667638589443e+00, 1.0136475821823981e+02,
       -6.6435623640105379e-01, 8.2511200135006957e-01,
       -7.6900146612109155e-01, 3.9158148683609305e+01,
       1.9644693935219274e+02, 1.8734289908186233e+02,
       9.8908101939506698e-01, -1.9304332326001633e-01,
       -1.6802115389125785e-01, -1.0932591301334158e+02,
       -7.3979979476553169e+01, 1.8490529963432522e+01,
       8.8460187693263526e-01, -7.1602824841512802e-01,
       -7.8946445723081471e-01, -2.2462276619697181e+02,
       5.5849226267340363e+01, 1.1329552347710507e+01,
       -4.2434486785085407e-02, 8.8840822121080554e-01,
       -6.8785909466247158e-02, 8.0444238052107650e+01,
       2.6467265964451897e+01, 1.4628568760509071e+02,
       -7.0305057259619752e-01, 4.6186644407281086e-01,
       -1.0154385487306403e+00, -9.1991415583107017e+00,
       1.6184715560780819e+02, 1.0507866864684149e+02,
       -1.3757070968108101e-01, 1.4035466119862514e-01,
       7.9068899135721671e-01, -1.1333004998298197e+01,
       -1.1459092485925581e+02, 1.3005632732404842e+02,
       9.6295358346696458e-01, -7.4821691126534251e-01,
       -7.7832980558561804e-01, -1.4425512349221958e+02,
       2.0830005728788773e+01, 9.7684087998602145e+00,
       7.5825729570238443e-01, -1.2782722549927381e-01,
       -4.9011937121929153e-02, -9.2631280654521461e+01,
       -9.8843725690758660e+01, 3.7405270260328841e+01,
       3.5000111706231496e-01, -9.1699228583283054e-01,
       6.5148684745186203e-01, -9.8239832512307615e+01,
       -1.1812515638322560e+02, 1.4055281117955380e+01,
       1.0725323155621658e+00, -1.2924512569033464e-01,
       -3.3841895705779897e-02, -5.1590209807001607e+01,
       -1.4155992058933248e+02, 6.9204375873502446e+00,
       5.0544187652408334e-01, -1.8991350480264274e-01,
       -9.0257041592785781e-01, -6.8712018472819054e+01,
       7.2944950534408932e+01, 1.1796030739316842e+02,
       1.1788114025896010e+00, -2.2875920011260661e-01,
       -1.5593965394817702e-01, -9.8946570538566192e+01,
       -1.2198993942050559e+02, 2.2697321811579513e+01,
       -3.8323743214081490e-01, -2.9943595333957962e-02,
       3.6554765726328424e-02, -9.5304220989774024e+01,
       5.8483320058314028e+01, 9.7324638241211630e+01,
       -8.4791498729905757e-01, 5.0644253329434996e-01,
       -2.4509870144120108e-01, 1.8714130500203595e+01,
       1.4992414340308855e+02, 1.5849953448960494e+02,
       -4.3686435635877890e-01, 4.2076829584923908e-01,
       -1.1000468389964886e+00, -1.1526329116377059e+00,
       1.4845306918854317e+02, 9.2016991391270111e+01,
       9.2377492516641035e-01, 3.3808409169957454e-01,
       2.2625410516292643e-01, 1.1832178378555078e+02,
       -1.4264842728003063e+02, 5.6989056684288322e+01,
       1.1196853242563103e+00, 1.3157582074771296e-01,
       1.1556110780588690e-01, -8.0233859618683354e+01,
       -2.0019631290989443e+02, 2.0626819635432099e+01,
       -6.1361539781258001e-01, -6.3669419272591998e-01,
       1.1682524852124976e+00, -8.3819476885753360e+01,
       -1.9249748835383322e+01, 9.9854788757836445e+01,
       -2.4959247604474494e-01, -4.9744055307676083e-01,
       9.2454324104898400e-01, -1.0813567088578999e+02,
       -3.4935171373158369e+01, 5.6009427308308169e+01 ]
