%YAML:1.0
---
calibration_time: "mié 24 mar 2021 11:48:23"
nr_of_frames: 11
image_width: 3008
image_height: 3000
board_width: 8
board_height: 6
square_size: 25.
fix_aspect_ratio: 1.
# flags: +fix_skew +fix_k4 +recompute_extrinsic
flags: 650
fisheye_model: 1
camera_matrix: !!opencv-matrix
   rows: 3
   cols: 3
   dt: d
   data: [ 6.6136747121594715e+02, 0., 1.5035000000000000e+03, 0.,
       6.6100482923753407e+02, 1.4995000000000000e+03, 0., 0., 1. ]
distortion_coefficients: !!opencv-matrix
   rows: 4
   cols: 1
   dt: d
   data: [ 1.5340069341269916e-01, -2.1218388975549146e-02,
       1.3072486203448920e-03, 0. ]
avg_reprojection_error: 1.6845775496495341e+00
per_view_reprojection_errors: !!opencv-matrix
   rows: 11
   cols: 1
   dt: f
   data: [ 1.22938490e+00, 1.56916773e+00, 2.36086559e+00,
       1.41321754e+00, 1.16884887e+00, 2.23261714e+00, 1.16578627e+00,
       1.07207024e+00, 1.76829636e+00, 2.19413352e+00, 1.69440210e+00 ]
# a set of 6-tuples (rotation vector + translation vector) for each view
extrinsic_parameters: !!opencv-matrix
   rows: 11
   cols: 6
   dt: d
   data: [ -2.3140335953756308e-02, -1.3923098073298099e-01,
       9.7711963460350909e-02, -1.1218590495625521e+02,
       -4.6073186121960298e+01, 1.1157828271719271e+02,
       4.8986738862927995e-02, -7.1901671053423033e-01,
       1.7458681396324063e-01, -1.4569780557945572e+02,
       -5.5970049091970161e+01, 3.2280592828691667e+01,
       7.6044451270416757e-01, 2.6342352992053921e-02,
       -2.0148243212187205e-02, -6.2600973436850332e+01,
       -1.1102305798260051e+02, 3.5056018062609191e+01,
       1.0964549112184323e+00, -1.0435771746518285e-01,
       -1.1573920562485905e-01, -6.7802788595371226e+01,
       -1.2552194204833901e+02, 4.5009772887811621e+01,
       4.1905366051403692e-01, -8.4682285432071402e-01,
       6.9547511581208421e-01, -8.4539220075220115e+01,
       -1.2797625853614946e+02, 5.8184428063023368e+01,
       -4.7596801758311935e-01, -1.5172384788732578e-02,
       5.9481114706346164e-02, -8.8780042566500342e+01,
       4.7333369251087987e+01, 1.0285892835490795e+02,
       9.6953716414603652e-01, -4.0787786954682692e-01,
       -5.7858896053017284e-01, -2.5937347344483015e+02,
       -3.5847985363410558e+01, 1.7801051364000637e+00,
       -6.9604887002968407e-01, -4.7570652544897374e-01,
       1.4084601285859335e+00, -1.2299704075259933e+02,
       -8.9891489157789223e+01, 1.5326316262624087e+02,
       -5.2904947573159708e-02, -4.6260074836100051e-01,
       1.2101914924414798e+00, 4.6606539845838659e+00,
       -1.0971583594958157e+02, 7.6073769315426404e+01,
       -7.0149104220994440e-01, 6.2213086590156219e-01,
       -3.3857576761785169e-01, 4.8166414885486759e+01,
       1.2516034309776769e+02, 1.6058537301062455e+02,
       -3.9906520327255302e-01, -8.1807282286275096e-01,
       1.1716847423896355e+00, -8.3828302389561244e+01,
       -4.5951654770062433e+01, 8.6715319927916440e+01 ]
image_points: !!opencv-matrix
   rows: 11
   cols: 48
   dt: "2f"
   data: [ 9.48963440e+02, 1.27225647e+03, 1.05677319e+03,
       1.27735437e+03, 1.17598560e+03, 1.28501611e+03, 1.30342859e+03,
       1.29625134e+03, 1.43385364e+03, 1.31076782e+03, 1.55996912e+03,
       1.32728503e+03, 1.67840845e+03, 1.34518408e+03, 1.78576843e+03,
       1.36342432e+03, 9.29512451e+02, 1.39420605e+03, 1.03836743e+03,
       1.40314185e+03, 1.15821643e+03, 1.41364014e+03, 1.28777563e+03,
       1.42637390e+03, 1.41928320e+03, 1.43958752e+03, 1.54806372e+03,
       1.45328882e+03, 1.66777039e+03, 1.46698523e+03, 1.77727478e+03,
       1.48003723e+03, 9.13682373e+02, 1.51882385e+03, 1.02247400e+03,
       1.53264929e+03, 1.14382446e+03, 1.54607092e+03, 1.27355994e+03,
       1.55923706e+03, 1.40638953e+03, 1.57156689e+03, 1.53551233e+03,
       1.58228662e+03, 1.65735242e+03, 1.59138965e+03, 1.76769751e+03,
       1.59877112e+03, 9.07732544e+02, 1.64214148e+03, 1.01478613e+03,
       1.66029321e+03, 1.13320996e+03, 1.67665833e+03, 1.26231213e+03,
       1.69094238e+03, 1.39403259e+03, 1.70183362e+03, 1.52354871e+03,
       1.70955872e+03, 1.64402319e+03, 1.71387427e+03, 1.75497021e+03,
       1.71553076e+03, 9.08012390e+02, 1.76007715e+03, 1.01345807e+03,
       1.78174219e+03, 1.13006262e+03, 1.80036609e+03, 1.25526526e+03,
       1.81513611e+03, 1.38460046e+03, 1.82525562e+03, 1.51055322e+03,
       1.83048999e+03, 1.63017859e+03, 1.83127393e+03, 1.73903308e+03,
       1.82744202e+03, 9.15570007e+02, 1.86842383e+03, 1.01958960e+03,
       1.89159985e+03, 1.13195093e+03, 1.91121167e+03, 1.25286157e+03,
       1.92578906e+03, 1.37626782e+03, 1.93437659e+03, 1.49800781e+03,
       1.93675452e+03, 1.61210547e+03, 1.93404211e+03, 1.71918323e+03,
       1.92732874e+03, 4.73355316e+02, 1.10565881e+03, 6.09201233e+02,
       1.13243799e+03, 7.61602356e+02, 1.16542603e+03, 9.20722351e+02,
       1.20577246e+03, 1.07602051e+03, 1.24885693e+03, 1.21394055e+03,
       1.28977112e+03, 1.33329895e+03, 1.32744812e+03, 1.43137964e+03,
       1.35966272e+03, 4.25198425e+02, 1.27595557e+03, 5.64512085e+02,
       1.30193799e+03, 7.18645264e+02, 1.33151550e+03, 8.82278076e+02,
       1.36329773e+03, 1.04057349e+03, 1.39502612e+03, 1.18514417e+03,
       1.42350623e+03, 1.30681433e+03, 1.44820288e+03, 1.40953003e+03,
       1.46863403e+03, 3.96735901e+02, 1.45260547e+03, 5.35657654e+02,
       1.47846460e+03, 6.91682007e+02, 1.50271436e+03, 8.55561584e+02,
       1.52541138e+03, 1.01619061e+03, 1.54447253e+03, 1.16087024e+03,
       1.55962378e+03, 1.28602380e+03, 1.57120911e+03, 1.39041211e+03,
       1.57962524e+03, 3.94268921e+02, 1.62435144e+03, 5.30496582e+02,
       1.64841199e+03, 6.81652588e+02, 1.66841064e+03, 8.43078796e+02,
       1.68215771e+03, 1.00032349e+03, 1.68970898e+03, 1.14435864e+03,
       1.69202808e+03, 1.26774573e+03, 1.69079248e+03, 1.37287488e+03,
       1.68784546e+03, 4.10590851e+02, 1.78324316e+03, 5.43980774e+02,
       1.80498438e+03, 6.90596191e+02, 1.81892847e+03, 8.43814575e+02,
       1.82518115e+03, 9.94748962e+02, 1.82313025e+03, 1.13274231e+03,
       1.81541370e+03, 1.25381433e+03, 1.80449182e+03, 1.35697290e+03,
       1.79142480e+03, 4.41983337e+02, 1.92163464e+03, 5.72288940e+02,
       1.93879883e+03, 7.10606812e+02, 1.94760938e+03, 8.54846924e+02,
       1.94683459e+03, 9.94943604e+02, 1.93811157e+03, 1.12549915e+03,
       1.92225977e+03, 1.24058020e+03, 1.90320691e+03, 1.34107410e+03,
       1.88379871e+03, 9.95190063e+02, 5.96423462e+02, 1.17788025e+03,
       5.30042358e+02, 1.39064905e+03, 4.87501831e+02, 1.61839600e+03,
       4.79521240e+02, 1.83652820e+03, 5.07880341e+02, 2.02437231e+03,
       5.62496155e+02, 2.17769800e+03, 6.30940430e+02, 2.29710083e+03,
       7.02131897e+02, 1.02344238e+03, 7.75245728e+02, 1.19889954e+03,
       7.22308350e+02, 1.40187073e+03, 6.87581360e+02, 1.61898047e+03,
       6.80742615e+02, 1.82653955e+03, 7.02813293e+02, 2.00671375e+03,
       7.46533875e+02, 2.15226733e+03, 8.00427917e+02, 2.26709448e+03,
       8.57758362e+02, 1.05947327e+03, 9.57956116e+02, 1.22523413e+03,
       9.20854858e+02, 1.41417883e+03, 8.96145447e+02, 1.61527661e+03,
       8.90470276e+02, 1.80734558e+03, 9.04937439e+02, 1.97647900e+03,
       9.34407043e+02, 2.11668384e+03, 9.72358215e+02, 2.22711011e+03,
       1.01204706e+03, 1.10539661e+03, 1.12742383e+03, 1.25715344e+03,
       1.10590662e+03, 1.42721826e+03, 1.09139734e+03, 1.60772681e+03,
       1.08745520e+03, 1.78190955e+03, 1.09426184e+03, 1.93786340e+03,
       1.11046887e+03, 2.06901343e+03, 1.13193286e+03, 2.17710034e+03,
       1.15659302e+03, 1.15090613e+03, 1.27407825e+03, 1.28871399e+03,
       1.26343396e+03, 1.43977197e+03, 1.25627112e+03, 1.59759204e+03,
       1.25343372e+03, 1.75246472e+03, 1.25613989e+03, 1.89405981e+03,
       1.26339880e+03, 2.01806482e+03, 1.27411621e+03, 2.12209790e+03,
       1.28563342e+03, 1.19263684e+03, 1.39264368e+03, 1.31754553e+03,
       1.38831091e+03, 1.45023499e+03, 1.38469128e+03, 1.58839099e+03,
