<?xml version="1.0"?>
<opencv_storage>
<images>
calib_images/V3382452.JPG  
calib_images/V3502476.JPG  
calib_images/V3622500.JPG 
calib_images/V3742524.JPG  
calib_images/V3802536.JPG
calib_images/V3402456.JPG  
calib_images/V3512478.JPG 
calib_images/V3652506.JPG 
calib_images/V3752526.JPG 
calib_images/V3812538.JPG
calib_images/V3422460.JPG  
calib_images/V3532482.JPG  
calib_images/V3662508.JPG  
calib_images/V3762528.JPG
calib_images/V3442464.JPG  
calib_images/V3552486.JPG  
calib_images/V3682512.JPG  
calib_images/V3772530.JPG
calib_images/V3462468.JPG  
calib_images/V3572490.JPG  
calib_images/V3702516.JPG  
calib_images/V3782532.JPG
calib_images/V3482472.JPG  
calib_images/V3592494.JPG  
calib_images/V3722520.JPG  
calib_images/V3792534.JPG
</images>
</opencv_storage>
